Camera Calibration Data image_points
485.5158
402.1011
438.4401
393.0468
384.4971
389.2224
343.3786
387.049
289.4432
379.1687
254.9735
376.5158
207.465
370.2638
173.028
370.0182
132.5214
361.7993
490.9797
348.5095
434.3352
346.0409
393.6188
343.1638
344.8315
345.6694
293.2423
341.6046
248.3009
331.104
206.9005
334.372
175.693
329.2898
139.6752
320.4341
493.3766
306.4913
444.8047
298.3319
389.1546
294.4557
346.8773
291.5112
294.5493
288.3029
249.5413
291.1213
207.2537
283.2144
167.5494
286.1368
131.5292
278.7237
496.5967
250.4037
440.2133
248.174
391.4855
251.7012
349.4286
249.0454
303.5853
241.2219
252.1534
238.5244
217.0209
238.3943
177.625
242.0654
133.6331
240.1214
497.6308
207.0876
449.8185
199.4306
394.2093
196.4219
344.5393
200.0828
305.8495
198.6674
262.5224
193.7402
215.9869
194.7576
172.0296
197.5503
136.5561
192.8254
493.154
159.4186
444.4852
150.8527
402.8822
149.3205
354.4869
153.6678
309.5605
147.8867
258.0609
147.4128
224.6518
147.8734
185.6067
154.1658
141.4256
155.3787
525.4513
414.3358
469.5414
407.8192
403.6228
406.2969
348.7265
404.4013
280.912
397.6501
228.4238
394.3101
165.8163
387.5121
114.0036
387.4395
65.70849
374.7678
532.5261
352.7138
468.0073
349.4614
410.6776
351.0992
350.6559
350.6101
282.4991
345.5807
222.1623
335.3749
164.2385
335.5892
119.471
331.2859
63.69483
325.1898
530.2475
292.3112
480.5123
289.922
417.9934
291.3569
354.473
281.4124
291.5914
282.772
230.8352
274.5043
172.8389
275.496
111.5668
271.039
63.35369
263.4297
541.5963
232.4967
476.4339
226.7791
422.8706
222.4774
352.5152
217.1206
295.894
213.4486
234.7782
215.6079
168.1989
211.6795
122.4611
211.2466
66.55867
209.168
536.2683
172.6754
480.556
170.7278
420.4625
159.2809
363.7467
155.3403
300.6128
156.5732
239.7584
148.3883
181.8057
152.6961
125.7184
149.0251
80.73925
153.3058
546.7845
115.0996
483.094
106.3691
423.1827
105.4509
362.7064
94.27108
300.0537
96.5105
240.455
88.81887
190.9516
89.22811
130.4577
90.68776
82.7084
97.76811
476.4849
412.1758
422.5516
393.8596
365.5548
379.3658
324.6176
368.4963
274.3746
353.2704
246.7144
347.4895
207.9715
336.1933
179.4597
333.4797
158.4269
327.3846
486.1574
347.7063
422.285
335.1248
376.6264
326.615
323.5684
315.4331
287.7288
307.7392
244.3175
299.2003
217.668
293.7526
186.8285
290.7733
152.1294
284.2778
487.1035
283.6031
436.7495
276.5292
381.1371
274.7955
327.1888
267.383
291.291
262.6625
247.1719
256.3667
219.9177
251.6514
182.0643
247.4002
154.4407
239.7806
500.8333
220.4
436.6214
213.5806
381.4174
215.7033
333.5085
206.4016
290.1843
209.4858
252.633
201.3043
223.9043
200.5139
186.5571
197.4285
158.226
201.355
505.8234
161.7803
447.8766
154.4413
393.4833
158.6633
345.5607
153.1958
296.0419
152.5736
256.4348
159.8968
227.6463
160.4798
195.02
158.2356
169.7097
162.3876
510.1208
95.39977
445.6349
95.75098
392.1467
103.6231
350.099
106.1111
307.8342
103.2372
269.4814
111.791
227.2948
115.2951
197.3725
114.2637
177.6485
116.847
366.3394
359.3242
346.0622
362.3163
313.7217
371.6515
281.8904
367.3058
233.5106
370.2127
201.8349
376.1443
158.4147
385.0428
103.3857
387.0069
54.95673
384.5373
376.7451
322.6473
339.652
322.9928
312.3985
327.2321
282.0577
331.5409
236.1737
331.7528
202.7262
331.7716
150.365
333.9101
112.6446
334.1305
55.19246
334.7583
378.6551
290.185
350.9279
284.4064
316.1253
285.1277
277.2152
285.6778
239.1304
279.2998
206.5921
278.8018
153.0591
276.2958
105.3149
278.8043
57.28854
271.7991
382.4467
246.6553
345.257
243.559
323.391
240.9086
281.1212
236.3004
251.435
232.905
202.2365
227.756
166.429
224.0365
119.7449
222.9188
61.53456
218.3382
384.8482
214.8732
358.007
203.5742
319.0829
197.2375
293.7938
192.4401
255.8486
189.8441
207.7172
182.1692
168.9782
173.0233
125.1854
160.1512
69.62708
153.4528
390.4633
172.4684
354.2272
164.4483
331.9227
156.7719
298.8523
153.5789
254.3419
143.2662
223.7422
135.7118
180.7704
120.6736
135.8849
114.5197
79.43687
104.3983
385.5315
282.7379
351.8811
288.2145
311.3216
298.485
286.1806
303.8609
241.6653
316.4613
211.346
334.3871
181.5
341.5
144.1909
354.5728
119.9101
363.0985
374.6278
244.6091
335.2784
254.7561
305.8919
267.4133
268.2666
273.9668
234.1852
289.654
208.741
296.7698
167.0849
309.8617
141.7815
317.4341
102.2611
330.2155
359.2647
211.7202
333.7926
220.1535
299.8449
233.6631
265.8703
238.4639
225.1895
249.8046
198.7967
257.8161
165.6506
272.2145
127.3181
280.9326
89.79345
288.7923
356.4368
178.4053
316.8498
187.078
290.9606
195.466
257.7495
208.2217
216.0183
219.4946
189.7794
226.6421
151.4997
235.5491
115.1905
243.0772
84.11281
256.7451
341.6581
146.9404
315.9233
154.3146
275.1469
163.3316
248.802
170.8335
215.6494
183.3051
173.2145
194.2122
147.8963
202.2707
111.1655
209.1284
74.29256
217.5782
339.8365
113.2757
300.1169
121.5594
274.8444
128.1718
234.095
137.6845
207.8046
145.0415
166.1806
155.3077
132.0013
168.8003
107.8393
177.3011
68.65005
188.7643
354.4317
339.5043
327.8013
342.4175
299.8079
352.448
271.9239
353.2466
234
364
202.0627
376.8006
178.8398
384.705
142.5
394.5
104.7782
402.7675
350.4266
303.5301
314.9671
310.6383
287.122
321.8553
257.0405
323.7493
226.2591
335.6181
200.0427
340.5899
163.2363
350.6108
130.3219
355.4755
105.8527
364.4099
346.4915
278.3402
314.8875
281.3151
282.0927
284.6056
260.7807
290.0684
222.3463
296.6996
194.5
304.5
165.8989
313.3096
128.0118
318.9293
88.62325
324.8607
342.001
242.1913
306.1985
247.3674
287.001
250.2604
255.878
258.7816
217.1355
264.8122
185.2346
265.4576
155.8755
273.5061
118.1936
276.5696
83.32968
289.4014
339.3932
216.3646
312.8509
214.6968
279.436
219.5223
244.2091
224.4707
222.9336
228.5191
181.2175
232.306
156.9048
235.5094
112.9037
240.823
77.82497
241.7576
329.0047
185.2531
309.6087
187.4285
281.7309
182.7975
243.1089
186.3753
220.017
187.3291
178.2167
191.2943
153.8077
193.6705
118.3404
201.9616
74.00629
205.724
396.4495
313.8039
356.2174
329.916
324.9648
339.2404
289.4737
342.2252
247.4723
350.0264
225.6651
358.2245
190.0286
369.7662
162.9137
376.5575
133.4346
380.8871
390.2579
266.4633
344.776
280.7256
313.0404
290.5218
279.4851
306.5614
239.2279
318.2116
207.2229
320.8216
178.0356
334.8293
149.6853
337.9815
128.3356
346.5974
380.5762
226.2397
339.831
235.5356
299.9561
252.3544
268.7016
260.8237
229.2719
273.7492
199.1053
289.641
177.7665
296.5199
147
305
117.4828
311.7628
367.3582
176.9336
330.5046
199.3271
292.1973
206.348
259.6115
225.3586
221.2718
240.6586
199.3423
250.0568
166.5
259
135.2018
268.3116
111.1333
283.5279
358.3094
141.4179
318.828
151.6984
280.4793
171.7972
249.5918
182.3798
220.6269
200.4755
184.4666
216.8151
164.0409
226.2468
129.3468
240.7281
106.3942
244.4804
345.3436
95.14884
311.7088
119.9583
271.308
133.7721
243.3142
150.1437
211.6104
160.4081
177.7568
176.397
151.2227
195.6206
126.4069
202.394
104.2557
218.8957
397.6596
329.1902
375.476
321.8488
343.322
320.645
327.8666
319.4387
304.6938
322.0249
280.0939
317.9502
259.7175
320.0391
230.0368
316.5974
215.9012
315.5992
400.2898
299.579
369.0551
297.829
353.0255
296.3956
321.4061
295.8144
298.2683
298.6983
283.6707
297.3924
253.0821
294.5691
236.4599
291.1667
216.5425
287.3128
400.6164
281.4078
377.6465
273.961
346.2799
273.1553
326.656
274.0422
307.0311
275.6372
276.4182
273.0696
261.641
272.0974
239.7924
265.6345
216.8452
270.4776
402.5753
251.7854
377.3448
257.8664
355.7498
250.2166
328.4145
250.3331
308.626
247.0335
282.0468
247.6714
254.4637
249.2871
240.7238
248.3528
210.5362
245.8563
403.3676
233.6588
380.7542
227.1149
349.2123
225.1974
329.6771
227.4948
309.8874
227.7299
283.0053
224.5187
263.9666
226.5522
239.1097
221.83
219.8801
223.5391
405.4922
204.5318
374.9106
202.4647
358.6612
201.1566
328.0453
200.424
311.5647
199.9853
281.2275
198.1971
266.7073
198.2105
243.8342
201.7808
213.5586
200.2982
376.4733
338.8343
364.7031
339.6897
342.9328
343.7725
322.7877
336.4183
292
340
273.4001
341.5246
255.0142
343.6804
224.2719
343.8389
201.1259
338.3196
385.4594
317.7633
357.5941
316.4582
344.8515
317.3165
318.6939
318.4804
301.6635
315.1376
274.4789
317.5888
247.4389
320.1887
232.7778
320.2652
201.7155
319.5098
379.0245
294.6316
358.3253
300.6571
337.3733
293.6446
320.0062
295.455
294.0209
292.3158
271.5051
295.9877
257.7295
295.2411
230.5729
292.3495
203.4235
288.5811
388.3748
273.5399
360.3262
271.6469
347.6106
271.9244
317.3463
269.6677
295.6231
272.9972
281.0131
271.672
250.5086
271.0407
235.8329
270.2706
203.7067
268.3073
382.3284
251.3191
369.7924
250.2348
340.2915
248.5694
327.4926
246.9239
305.0124
249.6952
278.387
245.6418
260.7024
246.435
233.5286
242.066
206.3536
237.7042
391.4705
229.6483
363.9753
226.3758
350.7451
226.2444
321.2843
223.1611
299.0472
226.5726
277.0366
219.2864
262.4371
217.872
230.2438
215.5878
207.5274
217.2826
384.1929
434.6164
360.7231
420.5699
327.201
412.1839
311.3463
405.1478
290.8072
402.896
265.1322
391.7592
250.6105
389.5872
232.5866
377.1574
207.002
370.2008
380.2468
405.4018
354.1759
392.4106
336.9428
385.6319
305.2716
376.3261
284.1388
376.4449
263.1524
364.6339
242.5547
364.2445
231.7857
359.4399
206.3796
353.2047
382.1225
370.4363
363.6276
363.8871
330.2005
357.3116
314.5639
351.235
292.7873
350.6337
264.2174
344.4451
247.0285
336.1682
231.2031
328.5236
206.4062
322.7466
393.6198
339.7617
359.0269
333.7333
340.9319
328.4742
308.3924
322.5095
294.2786
318.1211
268.708
314.749
244.2185
313.5472
232.9207
310.0435
206.5655
304.4621
389.6406
308.1092
368.3368
303.5718
335.3194
297.7548
318.3982
294.8943
294.9862
295.6477
266.1184
291.5086
249.6929
284.9097
226.1523
283.5503
208.0259
274.3282
398.3946
276.3358
363.8233
271.4372
344.5321
269.7336
319.9648
270.8609
289.0571
266.6077
275.7328
263.4917
246.4893
259.2082
235.6283
258.8048
210.3697
254.1794
End Of CameraCalibrationData_image_points
