Camera Calibration Data image_points
475.3246
243.0338
438.1708
256.5283
403.7929
263.7413
362.8687
267.2172
322.7139
280.7719
280.4345
283.4854
241.3309
298.0164
199.5966
299.4644
164.706
314.7961
469.3473
208.6308
429.8799
210.0421
391.3793
223.6056
355.4271
230.3781
312.4666
233.4137
272.5207
248.8721
227.3347
258.3535
192.1264
267.4891
148.9828
276.5113
466.875
166.3698
426.734
167.9582
387.5988
180.1055
341.4401
190.5993
298.95
192.4739
259.9137
204.8106
221.7444
217.8355
177.0838
227.026
144.1963
237.3821
456.0926
118.6287
412.334
126.4672
376.9206
134.121
330.651
142.4771
293.3075
150.3469
253.3363
166.4574
207.386
176.4459
172.5351
187.0056
132.8597
191.5772
440.7293
79.26801
404.3813
88.82977
368.6476
97.40862
324.9535
101.5721
284.6537
116.248
240.4456
123.6735
202.4477
137.0392
159.1474
148.6897
125.5591
158.4572
430.4753
46.95999
389.19
47.52281
350.7328
59.55522
308.4233
62.56989
269.3022
77.50967
234.3278
86.13307
191.841
92.45142
154.3571
110.4495
117.2312
116.5274
490.1255
307.2969
461.7178
307.5052
418.8174
305.5229
386.2434
306.0604
345.5868
310.0653
304.8412
304.2028
260.8064
306.5793
217.2891
308.8963
176.3556
301.8699
501.7431
270.4767
459.8361
267.4476
427.8451
267.0414
387.6365
271.7615
342.2099
269.8999
301.1984
264.3011
261.3458
265.7276
221.5346
268.4439
174.6649
267.8553
505.15
237.3945
463.8863
236.278
430.8402
231.3364
384.4571
229.3988
344.449
222.2727
306.7939
222.3084
263.7674
226.7766
216.5317
227.6807
173.3408
221.2806
502.8896
197.6918
466.046
186.6688
426.5297
190.7074
392.565
187.5634
344.9903
185.6757
306.8293
184.7335
258.391
183.9571
215.8955
178.3051
172.4946
184.197
505.3183
148.5109
468.5935
154.7211
428.6376
142.3121
393.697
140.6066
347.8585
140.2607
302.2424
141.7987
263.4283
142.5415
215.4838
142.8783
172.1298
137.4225
506.0243
114.4975
468.5053
104.2859
428.4388
106.6197
394.6258
102.2123
344.5129
100.5927
301.8999
93.36281
257.9785
98.76681
219.6793
99.8993
172.2164
101.5554
480.0137
347.2788
455.6162
344.7693
421.645
343.4912
382.5026
336.4413
352.5149
331.9572
310.7943
326.5333
277.686
319.9723
232.4216
311.8784
199.4743
307.8076
497.2204
316.607
461.5456
309.3265
430.6074
306.6971
394.3681
296.4548
356.7805
296.6375
323.6087
290.537
279.5517
283.4199
245.0342
277.643
198.4765
269.4863
507.5235
289.615
477.6837
276.8448
443.6936
274.1099
403.4213
267.232
371.6855
259.0359
327.4867
251.1842
292.7731
244.7971
246.6459
238.4754
210.8242
230.7406
512.2319
254.5392
483.601
239.5311
448.5439
236.4276
414.5232
222.3078
375.2129
218.9117
337.4554
206.3397
298.251
201.814
254.5139
190.9132
210.7906
189.3053
530.5175
219.8512
499.797
204.7818
464.7406
199.2846
429.5741
185.8042
385.479
174.1505
344.1856
170.7063
308.8865
162.9945
259.3742
154.4134
222.6093
148.4879
534.5544
182.5903
506.3672
168.9504
467.5033
159.1486
438.6964
149.9278
392.2199
140.2893
353.2814
124.2265
309.482
120.313
272.8706
114.6012
224.166
105.4298
535.154
303.4006
495.668
303.7249
459.3419
298.2583
425.9202
298.1638
385.8736
303.6262
344.7291
299.2383
302.6956
304.6623
256.7249
305.6712
213.6982
300.4154
534.2692
265.842
499.386
257.1624
462.4162
263.8228
427.8141
262.7296
387.5319
257.7233
344.9564
262.5858
297.3665
263.6946
259.485
263.9736
211.6487
265.3795
542.3018
225.6605
503.7356
220.2803
464.1422
215.2225
429.5219
215.5561
387.6904
219.8811
344.3517
214.2985
298.5468
217.7184
256.6138
215.3098
214.502
222.6011
544.57
177.6499
502.9372
174.2821
463.8759
179.9612
429.6175
177.6037
387.4129
170.845
339.6119
170.1639
295.3094
176.565
255.7928
177.9257
211.7067
173.5144
539.6863
136.1215
505.5
136.5
463.3205
131.2695
428.7741
129.7693
386.2493
133.5725
342.8649
127.0985
298.6204
132.8927
249.7995
135.5838
210.1674
136.5279
544.4302
95.50874
501.1055
92.25495
461.6443
94.82153
420.3535
87.15144
384.8081
85.70893
341.3494
89.65015
296.3739
84.63223
252.2655
93.44965
204.5823
95.53215
529.5461
268.35
499.8202
272.649
463.567
282.3705
419.0489
286.8391
383.9279
291.6423
342.6562
291.0633
296.3399
296.2785
255.8078
306.533
213.3723
305.7448
534.3115
228.6361
492.6527
233.1684
455.7727
242.7911
421.5178
245.4087
379.4964
244.2637
338.592
255.0005
291.8096
260.7275
249.6429
259.4571
207.4592
270.941
526.2806
188.036
494.9597
191.6353
457.7428
199.4173
416.5254
197.6652
375.6078
207.9537
332.8208
207.3587
287.6587
214.6932
246.2511
216.6172
206.2547
229.0766
525.498
150.0056
485.5906
148.2216
446.8557
157.5298
412.7958
159.3302
369.7577
159.0613
321.983
164.1214
281.7656
171.9186
236.7398
174.266
195.1504
186.6619
523.6479
111.181
483
110
441.252
109.3107
400.3615
118.3099
364.6528
121.4116
318.7483
124.2195
277.9934
131.7365
230.9822
139.8326
193.5287
145.5258
517.5008
64.32674
477
68.5
433.8502
74.74689
400.586
75.83598
356.9256
74.69922
314.4568
85.47085
266.6642
91.23814
228.9774
98.48177
184.5148
106.4587
277.3425
322.083
265.934
326.5499
228.0609
335.5207
213.8484
339.434
172.058
350.2379
142.0656
361.3472
114.6017
367.3979
82.96345
371.5445
44.5
385
279.075
298.5215
263.8741
303.7347
228.0614
307.8836
205.5
311
170.9238
319.1914
144.5
323.5
107.1265
331.9023
76.5
337.5
35.6511
348.4229
288.7097
266.9071
257.0492
273.5952
236.9039
273.7309
209.9314
274.6492
174.5
282
140.6885
284.9108
109.5
291.5
73.5
298.5
31.32143
302.4117
290.5402
233.9014
260.5
237
236.9681
238.2506
204.5
241.5
178.8845
244.0557
142
249
107.5
253
75.98918
259.3117
29.68415
264.482
292.6287
206.2502
262
205.5
229.013
204.3352
203.2832
207.3797
173
210
141.0455
212.0607
111.4209
214.9544
70
217.5
27.30687
218.6382
293.7046
172.4399
263.5
173.5
229.1107
173.8081
205
173.5
166.2676
174.9482
140
175
100.0481
176.787
69
177.5
25.43125
182.4406
495.92
271.2354
462
274.5
430.7696
280.1002
389.5
283.5
347.0902
288.8154
312
295.5
264.167
301.3375
228.5
308.5
179.7924
311.8662
491.5
231.5
459.449
236.9738
423.5
238.5
381.0572
242.421
348
249
310.8899
255.2403
264
260.5
216.906
264.3673
180.8692
272.1126
494.6199
195.7682
457
196.5
416.976
197.556
387.8759
201.0701
339.0511
205.6022
306.89
209.8105
264.8673
218.5369
214.5
224
165.2221
229.4828
493.6406
153.4726
455.0089
156.5942
417
157.5
379
161
339
164.5
296
168
252
173.5
207
179.5
157.3155
188.3446
490.5656
118.1507
456.9098
114.2098
410.5683
114.7282
374.5
118
333.3727
120.5556
285.1355
125.9721
245.5
129
200.5
134.5
154.5
141
488.0771
74.18688
449.5
75
414.8866
73.16144
364.6034
74.88094
332.8511
75.88637
284
80.5
239
84.5
197.9473
91.38901
142.5279
99.28378
548.1907
290.5199
513.2709
280.1482
475.3406
277.5941
447.287
279.5367
412.9145
287.5317
370.4054
286.6191
341.721
283.7494
298.5881
283.0995
273.4832
281.2144
552.2521
247.5125
513.037
246.7145
478.0349
250.7242
442.4255
243.1801
405.2366
251.7696
376.8372
248.66
332.2098
248.6617
305.7665
246.8916
270.8509
243.9014
546.1294
211.0918
520.9293
209.4663
482.0125
208.2641
441.0609
211.9827
405.4511
205.0537
367.4182
213.0043
339.6823
211.0222
299.5
210
263.1215
211.8341
554.2746
171.5154
512.201
170.2448
479
170
439.9633
167.5926
403.1582
172.227
369.3892
169.7538
332.5
171
296.5074
172.4386
255.3918
176.1731
552.1677
138.8486
515.5098
132.2165
475.0031
130.6177
442.5573
130.2606
408.6846
133.8271
362.9907
134.324
335.1609
136.4077
289.0598
138.0857
258
138.5
550.4111
93.71722
508.1956
94.05344
480.9845
91.22144
442.6773
96.76632
397.1245
96.2656
367.9157
97.58788
327.5
97.5
290
100
260.9869
101.5671
550.2015
305.4361
509.7632
297.8788
479.0086
289.7851
440.3535
286.1443
408.7583
279.0683
371.9041
277.4972
343.5292
272.6055
310.2167
262.3792
279.6112
263.8084
549.0574
268.4095
516.3216
255.4873
480.042
255.9562
449.8708
251.1242
408.8424
246.4943
373.4371
236.4037
339.2879
239.2157
310.9409
235.8329
274.4767
232.3739
561.9194
230.5547
525.5959
218.1854
483.7865
212.2628
446.3651
213.456
411.2744
203.104
374.5959
205.5057
345.7759
202.4068
306.7118
200.5532
274.702
192.2742
566.3446
184.3316
525.4578
181.4995
492.3691
175.0468
448.2349
169.3152
411.3177
171.4307
381.7931
168.5117
340.2888
167.0126
311.4987
166.7774
273.5589
164.3102
567.6119
150.4055
525.7762
142.3227
487.0941
135.3545
448.7441
137.5749
418.7326
134.7246
375.3589
131.4484
346.0077
131.066
306.3981
130.5787
278.6177
130.6587
568.5657
103.4968
523.196
99.71445
485.5321
102.6291
455.7431
97.0266
411.52
97.56784
375.0252
90.46002
345.7681
90.4888
311.3891
96.57716
279.2137
90.42603
526.5917
330.4244
487.4503
325.339
452.3304
311.2356
423.5894
302.8361
384.0479
293.883
351.5228
291.2289
323.5624
282.0253
292.7305
278.322
265.6234
266.3157
532.3607
296.3005
495.0359
280.7831
456.399
276.2385
421.2203
264.3626
386.5176
262.2984
359.4128
256.5291
322.5552
249.9367
299.6736
244.7551
265.4753
239.4599
539.5114
246.5408
505.803
239.5137
468.0155
236.5663
427.9582
227.9255
395.6396
224.7339
355.3291
219.0567
329.7175
214.5193
294.264
211.4439
271.7285
208.2259
550.5211
202.6412
503.2657
196.1902
464.4856
196.5232
426.2533
184.3059
390.1816
184.3917
356.6663
175.3713
323.9753
177.7972
299.9325
176.5287
271.6618
168.0454
546.7314
156.3624
506.3502
161.3585
465.3337
147.1243
434.8686
143.5409
391.2937
140.2403
356.3013
142.4657
330.8497
141.3544
293.1209
139.5421
266.7244
134.9538
554.6321
112.4032
509.3757
110.2707
465.2448
110.6475
426.9915
102.3144
391.0153
105.4966
357.0519
100.4984
331.6624
100.425
301.4824
105.568
268.135
106.365
End Of CameraCalibrationData_image_points
